"x" "y" "N_obs"
5 5 0
15 5 0
25 5 0
35 5 0
45 5 0
55 5 0
65 5 0
75 5 0
85 5 0
95 5 0
105 5 0
115 5 0
125 5 0
135 5 0
145 5 1
155 5 0
165 5 0
175 5 0
185 5 0
195 5 0
205 5 0
215 5 0
225 5 0
235 5 0
245 5 0
255 5 0
265 5 0
275 5 0
285 5 0
295 5 1
5 15 0
15 15 0
25 15 0
35 15 0
45 15 0
55 15 0
65 15 0
75 15 0
85 15 0
95 15 0
105 15 0
115 15 0
125 15 0
135 15 0
145 15 0
155 15 1
165 15 0
175 15 0
185 15 0
195 15 0
205 15 0
215 15 1
225 15 0
235 15 0
245 15 0
255 15 0
265 15 0
275 15 0
285 15 0
295 15 0
5 25 0
15 25 0
25 25 0
35 25 0
45 25 0
55 25 0
65 25 0
75 25 0
85 25 0
95 25 0
105 25 0
115 25 1
125 25 0
135 25 0
145 25 0
155 25 0
165 25 0
175 25 0
185 25 0
195 25 0
205 25 0
215 25 0
225 25 1
235 25 0
245 25 0
255 25 0
265 25 0
275 25 1
285 25 0
295 25 0
5 35 0
15 35 0
25 35 0
35 35 0
45 35 0
55 35 0
65 35 0
75 35 0
85 35 1
95 35 0
105 35 0
115 35 0
125 35 1
135 35 0
145 35 0
155 35 0
165 35 0
175 35 0
185 35 0
195 35 0
205 35 0
215 35 1
225 35 0
235 35 0
245 35 1
255 35 0
265 35 0
275 35 0
285 35 1
295 35 0
5 45 0
15 45 1
25 45 0
35 45 0
45 45 0
55 45 0
65 45 0
75 45 0
85 45 2
95 45 0
105 45 0
115 45 0
125 45 0
135 45 0
145 45 0
155 45 0
165 45 0
175 45 1
185 45 0
195 45 0
205 45 0
215 45 0
225 45 0
235 45 0
245 45 0
255 45 0
265 45 0
275 45 0
285 45 0
295 45 0
5 55 0
15 55 0
25 55 0
35 55 0
45 55 0
55 55 1
65 55 0
75 55 0
85 55 0
95 55 0
105 55 0
115 55 0
125 55 0
135 55 0
145 55 0
155 55 0
165 55 0
175 55 0
185 55 0
195 55 1
205 55 0
215 55 0
225 55 0
235 55 1
245 55 0
255 55 0
265 55 0
275 55 0
285 55 0
295 55 0
5 65 0
15 65 1
25 65 0
35 65 1
45 65 0
55 65 0
65 65 0
75 65 0
85 65 0
95 65 0
105 65 0
115 65 0
125 65 0
135 65 0
145 65 1
155 65 0
165 65 1
175 65 0
185 65 0
195 65 0
205 65 0
215 65 0
225 65 0
235 65 1
245 65 0
255 65 0
265 65 1
275 65 0
285 65 0
295 65 0
5 75 0
15 75 0
25 75 0
35 75 0
45 75 0
55 75 0
65 75 0
75 75 0
85 75 0
95 75 0
105 75 0
115 75 0
125 75 1
135 75 0
145 75 1
155 75 0
165 75 0
175 75 0
185 75 0
195 75 0
205 75 0
215 75 0
225 75 0
235 75 0
245 75 0
255 75 0
265 75 0
275 75 0
285 75 0
295 75 0
5 85 0
15 85 0
25 85 0
35 85 0
45 85 0
55 85 0
65 85 0
75 85 1
85 85 0
95 85 0
105 85 0
115 85 0
125 85 1
135 85 0
145 85 0
155 85 0
165 85 1
175 85 0
185 85 0
195 85 0
205 85 0
215 85 0
225 85 0
235 85 0
245 85 1
255 85 1
265 85 0
275 85 0
285 85 0
295 85 2
5 95 0
15 95 0
25 95 0
35 95 0
45 95 0
55 95 0
65 95 0
75 95 1
85 95 1
95 95 0
105 95 0
115 95 1
125 95 2
135 95 0
145 95 0
155 95 0
165 95 0
175 95 0
185 95 0
195 95 0
205 95 0
215 95 1
225 95 0
235 95 1
245 95 0
255 95 0
265 95 0
275 95 0
285 95 1
295 95 0
5 105 0
15 105 0
25 105 0
35 105 0
45 105 0
55 105 0
65 105 0
75 105 0
85 105 0
95 105 0
105 105 0
115 105 0
125 105 0
135 105 1
145 105 0
155 105 0
165 105 0
175 105 0
185 105 0
195 105 0
205 105 0
215 105 1
225 105 1
235 105 0
245 105 0
255 105 0
265 105 0
275 105 0
285 105 0
295 105 0
5 115 0
15 115 0
25 115 0
35 115 0
45 115 0
55 115 1
65 115 0
75 115 0
85 115 0
95 115 0
105 115 0
115 115 0
125 115 0
135 115 1
145 115 0
155 115 0
165 115 0
175 115 0
185 115 1
195 115 0
205 115 0
215 115 0
225 115 0
235 115 0
245 115 0
255 115 0
265 115 0
275 115 0
285 115 0
295 115 0
5 125 0
15 125 1
25 125 0
35 125 0
45 125 0
55 125 0
65 125 0
75 125 0
85 125 0
95 125 0
105 125 1
115 125 0
125 125 0
135 125 0
145 125 0
155 125 2
165 125 0
175 125 0
185 125 1
195 125 0
205 125 0
215 125 0
225 125 0
235 125 0
245 125 0
255 125 1
265 125 0
275 125 0
285 125 0
295 125 0
5 135 0
15 135 0
25 135 0
35 135 1
45 135 1
55 135 0
65 135 0
75 135 0
85 135 0
95 135 0
105 135 0
115 135 0
125 135 0
135 135 0
145 135 0
155 135 0
165 135 0
175 135 0
185 135 0
195 135 0
205 135 1
215 135 0
225 135 0
235 135 0
245 135 0
255 135 0
265 135 0
275 135 0
285 135 0
295 135 0
5 145 0
15 145 0
25 145 1
35 145 0
45 145 0
55 145 0
65 145 0
75 145 1
85 145 0
95 145 0
105 145 1
115 145 0
125 145 0
135 145 0
145 145 0
155 145 1
165 145 0
175 145 0
185 145 0
195 145 0
205 145 0
215 145 1
225 145 0
235 145 0
245 145 0
255 145 0
265 145 0
275 145 0
285 145 0
295 145 0
5 155 0
15 155 0
25 155 0
35 155 0
45 155 0
55 155 0
65 155 0
75 155 0
85 155 1
95 155 0
105 155 0
115 155 1
125 155 1
135 155 0
145 155 0
155 155 0
165 155 1
175 155 0
185 155 0
195 155 0
205 155 1
215 155 1
225 155 0
235 155 0
245 155 1
255 155 1
265 155 0
275 155 0
285 155 0
295 155 1
5 165 0
15 165 1
25 165 0
35 165 0
45 165 0
55 165 0
65 165 0
75 165 0
85 165 0
95 165 0
105 165 0
115 165 1
125 165 0
135 165 0
145 165 0
155 165 1
165 165 0
175 165 0
185 165 0
195 165 1
205 165 0
215 165 0
225 165 0
235 165 0
245 165 2
255 165 0
265 165 0
275 165 1
285 165 1
295 165 0
5 175 0
15 175 0
25 175 0
35 175 0
45 175 0
55 175 0
65 175 0
75 175 0
85 175 0
95 175 0
105 175 0
115 175 0
125 175 1
135 175 0
145 175 0
155 175 0
165 175 0
175 175 0
185 175 0
195 175 1
205 175 0
215 175 1
225 175 0
235 175 0
245 175 0
255 175 0
265 175 1
275 175 1
285 175 2
295 175 1
5 185 0
15 185 0
25 185 0
35 185 0
45 185 0
55 185 1
65 185 0
75 185 0
85 185 0
95 185 0
105 185 0
115 185 1
125 185 0
135 185 0
145 185 1
155 185 1
165 185 0
175 185 1
185 185 0
195 185 0
205 185 1
215 185 0
225 185 0
235 185 0
245 185 1
255 185 1
265 185 1
275 185 0
285 185 1
295 185 0
5 195 0
15 195 0
25 195 0
35 195 0
45 195 0
55 195 0
65 195 0
75 195 0
85 195 0
95 195 0
105 195 2
115 195 0
125 195 0
135 195 0
145 195 1
155 195 0
165 195 1
175 195 0
185 195 0
195 195 0
205 195 0
215 195 0
225 195 0
235 195 0
245 195 0
255 195 0
265 195 0
275 195 0
285 195 2
295 195 2
5 205 0
15 205 0
25 205 0
35 205 1
45 205 0
55 205 0
65 205 0
75 205 1
85 205 0
95 205 0
105 205 1
115 205 0
125 205 0
135 205 0
145 205 0
155 205 0
165 205 1
175 205 1
185 205 1
195 205 0
205 205 0
215 205 0
225 205 1
235 205 1
245 205 1
255 205 0
265 205 0
275 205 1
285 205 1
295 205 0
5 215 1
15 215 0
25 215 1
35 215 0
45 215 1
55 215 1
65 215 0
75 215 1
85 215 0
95 215 0
105 215 2
115 215 1
125 215 1
135 215 1
145 215 0
155 215 1
165 215 0
175 215 1
185 215 0
195 215 1
205 215 0
215 215 1
225 215 1
235 215 0
245 215 0
255 215 1
265 215 0
275 215 0
285 215 0
295 215 1
5 225 0
15 225 0
25 225 0
35 225 1
45 225 0
55 225 1
65 225 0
75 225 0
85 225 0
95 225 0
105 225 1
115 225 0
125 225 0
135 225 0
145 225 1
155 225 0
165 225 0
175 225 0
185 225 0
195 225 0
205 225 1
215 225 1
225 225 1
235 225 0
245 225 1
255 225 1
265 225 1
275 225 0
285 225 0
295 225 1
5 235 0
15 235 0
25 235 0
35 235 0
45 235 1
55 235 2
65 235 0
75 235 0
85 235 0
95 235 1
105 235 0
115 235 0
125 235 0
135 235 0
145 235 1
155 235 0
165 235 1
175 235 0
185 235 0
195 235 1
205 235 1
215 235 0
225 235 2
235 235 0
245 235 1
255 235 3
265 235 0
275 235 2
285 235 0
295 235 2
5 245 0
15 245 1
25 245 0
35 245 1
45 245 0
55 245 1
65 245 0
75 245 0
85 245 0
95 245 0
105 245 1
115 245 1
125 245 0
135 245 0
145 245 1
155 245 0
165 245 0
175 245 0
185 245 0
195 245 0
205 245 1
215 245 0
225 245 1
235 245 1
245 245 0
255 245 1
265 245 0
275 245 0
285 245 2
295 245 0
5 255 1
15 255 2
25 255 0
35 255 1
45 255 0
55 255 1
65 255 1
75 255 0
85 255 0
95 255 0
105 255 0
115 255 0
125 255 0
135 255 0
145 255 1
155 255 2
165 255 0
175 255 0
185 255 1
195 255 1
205 255 1
215 255 1
225 255 2
235 255 0
245 255 0
255 255 0
265 255 0
275 255 2
285 255 0
295 255 0
5 265 0
15 265 1
25 265 0
35 265 0
45 265 1
55 265 0
65 265 1
75 265 2
85 265 0
95 265 0
105 265 2
115 265 2
125 265 1
135 265 0
145 265 0
155 265 0
165 265 0
175 265 0
185 265 3
195 265 2
205 265 0
215 265 0
225 265 1
235 265 1
245 265 0
255 265 0
265 265 0
275 265 1
285 265 0
295 265 1
5 275 1
15 275 1
25 275 1
35 275 0
45 275 0
55 275 0
65 275 2
75 275 0
85 275 0
95 275 1
105 275 1
115 275 2
125 275 1
135 275 0
145 275 1
155 275 0
165 275 0
175 275 0
185 275 1
195 275 0
205 275 0
215 275 0
225 275 0
235 275 0
245 275 1
255 275 0
265 275 0
275 275 0
285 275 0
295 275 0
5 285 1
15 285 0
25 285 0
35 285 0
45 285 1
55 285 2
65 285 1
75 285 0
85 285 1
95 285 0
105 285 0
115 285 0
125 285 0
135 285 1
145 285 0
155 285 3
165 285 3
175 285 0
185 285 0
195 285 1
205 285 1
215 285 1
225 285 0
235 285 1
245 285 0
255 285 1
265 285 3
275 285 1
285 285 0
295 285 0
5 295 0
15 295 0
25 295 0
35 295 1
45 295 0
55 295 1
65 295 0
75 295 1
85 295 0
95 295 0
105 295 1
115 295 0
125 295 0
135 295 1
145 295 0
155 295 0
165 295 0
175 295 0
185 295 0
195 295 0
205 295 2
215 295 0
225 295 0
235 295 1
245 295 1
255 295 0
265 295 0
275 295 0
285 295 0
295 295 0